WkCnt,WkOfYear,NComplChap,NChap,CumComplChap,CumTotChap,NComplVerses,NVerses,CumComplVerses,CumTotVerses
#"Compl"=Completed
 1,17,7,7,  7,  7,147,147, 147, 147
 2,18,7,7, 14, 14,179,179, 326, 326
 3,19,7,7, 21, 21,206,206, 532, 532
 4,20,4,4, 28, 28,120,120, 652, 652
 5,21,5,5, 32, 32,145,145, 797, 797
 6,22,3,3, 37, 37, 97, 97, 914, 914
 7,23,5,5, 40, 40,181,181,1095,1095 
 8,24,4,4, 45, 45,100,100,1195,1195
 9,25,6,6, 49, 49,206,206,1401,1401
10,26,7,7,   , 55,   ,163,    ,1564
11,27,
12,28,
13,29,
14,30,
15,31,
16,32,
17,33,
18,34,
19,35,
20,36,
21,37,
22,38,
23,39,
24,40,
25,41,
26,42,
27,43,
28,44,
29,45,
30,46,
31,47,
32,48,
33,49,
34,50,
35,51,
36,52,
37, 1,
38, 2,
39, 3,
40, 4,
41, 5,
42, 6,
43, 7,
44, 8,
45, 9,
46,10,
47,11,
48,12,
49,13,
50,14,
51,15,
52,16,
53,
54 
55 
56 
57 
58 
59 
60 
61 
62 
63 
64 
65 
66 
67 
68 
69 
70 
71 
72 
73 
74 
75 
76 
77 
78 
79 
 
 
 
 
 
 
